% Scottish training samples, 7x5 matrix
xS = [1 0 0 1 1; 
      1 1 0 0 1;
      1 1 1 1 0; 
      1 1 0 1 0; 
      1 1 0 1 1; 
      1 0 1 1 0; 
      1 0 1 0 0];

% English training samples
xE = [0 0 1 1 1;
      1 0 1 1 0;
      1 1 0 0 1;
      1 1 0 0 0;
      0 1 0 0 1;
      0 0 0 1 0];